 insert into `placer` values (
    12,
    6,
    44
  ),
  (
    14,
    3,
    41
  ),
  (
    14,
    13,
    15
  ),
  (
    11,
    3,
    18
  ),
  (
    19,
    3,
    14
  ),
  (
    19,
    1,
    36
  ),
  (
    3,
    17,
    35
  ),
  (
    1,
    17,
    45
  ),
  (
    8,
    3,
    27
  ),
  (
    1,
    18,
    44
  ),
  (
    16,
    12,
    36
  ),
  (
    6,
    6,
    23
  ),
  (
    14,
    9,
    17
  ),
  (
    12,
    15,
    29
  ),
  (
    16,
    3,
    2
  ),
  (
    15,
    19,
    42
  ),
  (
    15,
    14,
    33
  ),
  (
    6,
    18,
    27
  ),
  (
    13,
    4,
    46
  ),
  (
    9,
    20,
    38
  )