 insert into `stock` values (
    1,
    3,
    13,
    13
  ),
  (
    2,
    18,
    10,
    263
  ),
  (
    3,
    2,
    11,
    9
  ),
  (
    4,
    17,
    11,
    318
  ),
  (
    5,
    16,
    15,
    108
  ),
  (
    6,
    11,
    7,
    188
  ),
  (
    7,
    1,
    13,
    448
  ),
  (
    8,
    9,
    15,
    28
  ),
  (
    9,
    4,
    20,
    345
  ),
  (
    10,
    17,
    13,
    206
  ),
  (
    11,
    12,
    16,
    379
  ),
  (
    12,
    14,
    4,
    251
  ),
  (
    13,
    1,
    13,
    311
  ),
  (
    14,
    14,
    7,
    378
  ),
  (
    15,
    16,
    15,
    11
  ),
  (
    16,
    5,
    16,
    171
  ),
  (
    17,
    2,
    8,
    142
  ),
  (
    18,
    18,
    16,
    200
  ),
  (
    19,
    15,
    11,
    245
  ),
  (
    20,
    19,
    6,
    356
  )